,ACVR2A,ALDH9A1,AMOTL1,ARHGAP11B,CADM1,CALB2,CBX5,CHD9,CNR1,CORO1C,DBN1,DCAF7,DDX6,DLX1,EFNB1,EIF4G2,ELAVL4,EOMES,EPHA5,ERBB4,FAM110B,FUT1,GAN,HPCAL1,HUNK,IGFBP5,ILDR2,KLF12,KLHL7,KLHL9,MAOA,MAP4,MCM2,MEGF10,MEIS2,MKLN1,NEUROD4,NHLH1,NNAT,NRP1,NUP93,OSBPL8,PDE1A,PGAP1,PPFIBP2,PRDX5,PRKD1,PSRC1,PTOV1,RNASEH2A,RPRD1B,SCGN,SFRP1,SH3RF1,SHC3,SLC7A14,SOX1,SOX6,SPAG9,ST8SIA5,STAG1,TAGLN3,TFAP2C,THRB,TKTL1,TTN,UBB,WDR36,XRCC5,ZNF536,ZNF608
ACVR2A,1,0.00982726218189307,0.00770707402958637,0.000315592488846194,0.00828681325579797,0.0313791673833818,0.000490983725477634,0.00168479789897913,0.00183902084429308,0.00305624726911487,0.00113131757908417,0.00127977533329492,0.000251046705510479,0.0508515636683772,0.0144477890782348,0.0162898987461072,0.0908704746101273,0.00224200135859561,0.00352501540569816,0.0567645368519581,0.015207893194037,0.00103144682870488,0.00125048444852584,0.0372418451421684,0.0301841091943731,0.050161580330096,0.00566875882974121,0.020305375984866,0.0224143009701797,0.00978911737602703,0.00407312845523026,0.00922422845075541,0.00157885213125395,0.00645979017182842,0.037560939327203,0.00083433331560355,0.0020003817711278,0.00173854549315654,0.0365075862254422,0.00485831685295291,0.0369856934440866,0.00596133624322726,0.00629899709574646,0.0228132126825648,0.0261582424830145,0.00415211812378761,0.00587146504426785,0.00217991672601979,0.0022381115808263,0.000441897632243548,0.00884349413981206,0.0416110000146914,0.00564537837440209,0.0147518559267158,0.00410318440526502,0.0106645066237604,0.003498107319231,0.00566259126273588,0.0172599583112646,0.044885629181578,0.00649237829180068,0.0271057942964225,0.00175317065899782,0.046118343898107,0.00537444693507143,0.000791346733898385,0.00893796719595839,0.00651971568968227,0.0107519641329975,0.0288594812164489,0.0102596635095845
ALDH9A1,0.00982726218189307,1,0.119623651123499,0.0419042646343652,0.00534600597391201,0.00525199644013368,0.0324746341243381,0.0694776188876938,0.010979115274687,0.0562312802947787,0.0203817194268638,0.0140903672531296,0.0156678017206668,0.00158673791842452,0.107180356836553,0.0337042703915394,0.00945470027372981,0.146504631128109,0.0331581009582054,0.0045672163594667,0.000684147481346681,0.00385459856701823,0.00283536063448925,0.0730802261864694,0.121545028743589,0.0156162839762844,0.0425007732389238,0.0277012043111985,0.0403881322093806,0.0823167200258962,0.0290427139821458,0.0411969456743275,0.109852184434981,0.116448469249471,0.0748685333980793,0.0501510481642353,0.140589704117986,0.12653209244586,0.0269604298884419,0.12396706655996,0.0296024538405679,0.0132924689931595,0.00562870667693183,0.103116978155899,0.0523831336797966,0.0174547069826722,0.0959024588290561,0.111850714409886,0.014216972347065,0.0366942847424433,0.0667076345106483,0.00372684869740658,0.159691976709262,0.0663386662422932,0.0606953641372015,0.00218614251393265,0.0840534840802274,0.0704242420484743,0.127279231432272,0.00108495591499319,0.053202683291218,0.0126342549648879,0.123865041132506,0.00297070603667038,0.136024077863521,0.0173023461670885,0.0622035908977394,0.0267872222812078,0.0915923636343714,0.0113844624768318,0.025957627907313
AMOTL1,0.00770707402958637,0.119623651123499,1,0.0180067810868393,0.0014615764651408,0.00218661287960959,0.0113299297975057,0.0599092899346061,0.00464315508947807,0.0310778414425164,0.0112827635272096,0.0341519993431534,0.0093780763098717,0.000763006294757435,0.101842996056565,0.017564373366218,0.00565328364102803,0.0712757063795812,0.0225120225322608,0.00274310658991831,0.000913863124944788,0.00126207598664535,0.000870270972058034,0.0662337685346169,0.0945321273267827,0.0170055774396752,0.0138028875220026,0.0265075792364321,0.0256014219311516,0.040191670434446,0.00925824231226918,0.0199257820354834,0.0548705843810695,0.0762916290186342,0.080254365664776,0.0371907789394024,0.0667856509847062,0.0607218100250359,0.0226956668284043,0.0774282223233057,0.0145158806950745,0.00662464495796441,0.00341794788447398,0.0720250431219131,0.0478899471380636,0.00617017877319731,0.0603545705453805,0.056527747032197,0.00683247102407785,0.0117470902704076,0.0604969577324564,0.00195676152565406,0.0943894743702004,0.0338935616774396,0.031922039354339,0.00108521052523072,0.0443498701599986,0.0304153885654432,0.109922071436335,0.000575336366175224,0.0591782211553081,0.00988658306862502,0.060216734272634,0.00231638649762145,0.074200714908543,0.00823190461064765,0.0590075117982495,0.031554285731724,0.0490911101594202,0.00456580322702086,0.0183640640373766
ARHGAP11B,0.000315592488846194,0.0419042646343652,0.0180067810868393,1,0.000864298031309227,0.000234603990767783,0.0400302715864983,0.03020504658267,0.00441527921952968,0.0171118131210359,0.00764975359657237,0.00219008941662942,0.0182654364053473,0.000185844986965528,0.0606084194662632,0.000799805857850485,0.000262184895005077,0.304865287035476,0.0217882248251485,0.000397893027530335,0.000229094802982705,0.000133871973971913,0.0052071416046263,0.00435760196357342,0.0202912309553014,0.00044658482202722,0.00431258238339655,0.000761740914236684,0.00317889339563483,0.0103068284628578,0.000675607636726104,0.00236385813806542,0.264462449490059,0.104917159542505,0.00876030783527675,0.023866311338685,0.311796122796902,0.296536858745822,0.00115871501606566,0.0439635285782887,0.00232208463670528,0.000754097219502965,0.000357884986214012,0.0225091469915644,0.00255850965627055,0.00187191624736141,0.0539137330125925,0.199168693648293,0.00281788721174098,0.0693951761859182,0.011160809851691,0.000176317624637304,0.248399314440745,0.00786016337459765,0.00171155396794673,0.000467214023638289,0.137201911485037,0.0200684487484386,0.0433976499342446,0.000104121202385532,0.00908358350981297,0.00109898305861741,0.260208282225599,0.000104305777256916,0.206131047467787,0.00755847506514534,0.00658124048316245,0.00328007935197385,0.019666514798563,0.00163919695572588,0.00315057128603865
CADM1,0.00828681325579797,0.00534600597391201,0.0014615764651408,0.000864298031309227,1,0.0711364412476469,0.00945600142525999,0.000567102671041365,0.00394581482394336,0.00403351639519975,0.000179658849934682,0.000257122673878698,0.000492125189513117,0.0388725485994645,0.00339524904737452,0.00165054039829422,0.020307600969717,0.00520622401607333,0.00141312873214449,0.0453506397892197,0.00170652067292776,0.00485768077672626,0.00535282558508632,0.00794409835807994,0.00302012980175905,0.00727013242029321,0.0267183169534114,0.00425446019804554,0.0234692160480686,0.02517612346049,0.0209244552977643,0.00748554879835593,0.00529085734138843,0.00594843967361961,0.00214185602989179,0.00140837367507845,0.00455078774387182,0.00345093247933256,0.00375620113438063,0.00203285593257566,0.0152694975996951,0.0114124571237125,0.0184682378307484,0.0042561552076041,0.00236825389429787,0.00953460825735174,0.00366798367329541,0.00607430813329321,0.00156963161507056,0.00562587109000047,0.00171661215658657,0.0273032210175585,0.00620083120491429,0.0083452086868999,0.000286157171991358,0.0181238785412989,0.00909840332657721,0.0164799360620763,0.00439380511141141,0.0334052385691983,0.00260328658475882,0.00497976353837131,0.00615984928822054,0.0313267159004495,0.00333120503268234,0.00102630823527795,0.000680473340158466,0.00335815521934653,0.00514478972712872,0.0482404387450218,0.0018394140392836
CALB2,0.0313791673833818,0.00525199644013368,0.00218661287960959,0.000234603990767783,0.0711364412476469,1,0.00228589078112476,0.000735553451182057,0.0038322326461965,0.00250661076985358,0.000293422764215367,0.000409459419760154,0.000356779532467771,0.160385540845808,0.00428282718707364,0.00649583895846046,0.062146380122577,0.00229239578315945,0.00104263307434801,0.162306557834204,0.00884569094625487,0.00418080742357698,0.00207024598228712,0.0162170541864495,0.00760358770427598,0.0303835392686082,0.0203255637870224,0.0146952018561034,0.0193137134679941,0.0147024257250055,0.032724988676429,0.00884896859340156,0.00185815369110083,0.00484292156096115,0.007479953109306,0.00100709633636351,0.00196007468291164,0.00149187347872603,0.0188807609978093,0.00225541821827127,0.0333995481916248,0.0110891062396658,0.00725937270399106,0.0091567493918087,0.00646614066491663,0.00790387485479435,0.00501180642654967,0.00279694437383331,0.00184700560050979,0.00102580036921764,0.00311335871120779,0.116998952554207,0.00386274890615121,0.0127533639152977,0.00110046124268678,0.0147173074964289,0.00753472123183822,0.0167853030751957,0.0076145038593133,0.151904442410613,0.00244028353360753,0.0079609879525659,0.00248110954193239,0.0677420211110159,0.00265345232019732,0.000804315552032714,0.0014365082330005,0.00338095942597675,0.00543937588872229,0.0757347050193156,0.00830218817028878
CBX5,0.000490983725477634,0.0324746341243381,0.0113299297975057,0.0400302715864983,0.00945600142525999,0.00228589078112476,1,0.0171256564504686,0.0155719198252909,0.0148154473990272,0.00183153419743914,0.00101423400628221,0.0271944428410287,0.00204573207489006,0.0597745993626933,0.000730045921650272,0.00088254504205238,0.231292832653566,0.0085596050603201,0.0034707399392449,0.000208024606216017,0.000212523482051278,0.00115216285035485,0.00399330535348048,0.0171671517864823,0.000690483766420475,0.0143189556593662,0.00192369649501641,0.00221719301601462,0.00873148854835351,0.00251330736169614,0.00335581654916245,0.188826459729077,0.134303982223238,0.00841792629442771,0.0146932362984367,0.219963513021665,0.189883293181162,0.00166302023538842,0.0350619336750891,0.00380055596704595,0.00175157272556732,0.000337287050297946,0.0246886294958313,0.0029815731190383,0.0062667266373224,0.0451016928718783,0.183918947442727,0.00117066848472035,0.0516613470879027,0.0049294560051406,0.00136956384663161,0.212875300935551,0.0195368088867939,0.00107710884175931,0.000458116779731899,0.173602133624916,0.0333177975126802,0.0459609326481383,0.00143929304078146,0.00525435006149935,0.000681686945952122,0.240373003803494,0.000613815357676189,0.141193371819261,0.00695085923467799,0.00373456222087493,0.000905709142209303,0.0123663065115056,0.00826047239370483,0.00578186458973657
CHD9,0.00168479789897913,0.0694776188876938,0.0599092899346061,0.03020504658267,0.000567102671041365,0.000735553451182057,0.0171256564504686,1,0.00269417559998091,0.0143096534858032,0.00825050953377549,0.00484378327656314,0.00758457106387643,0.000295421580975223,0.0740678419513302,0.0060609207139875,0.00122850984390977,0.112247672789124,0.0187912488216553,0.00123693408702483,0.000372249851048627,0.000257850263390252,0.000864425788985937,0.022107515638925,0.0531599702043452,0.00320454914771582,0.00781564356391582,0.00670895348423782,0.00888238442277178,0.0193017054088034,0.00299426053525604,0.00856619460492335,0.0862771700817117,0.0929919486514045,0.0340830150411853,0.0338825140773215,0.113605832055445,0.102337453084067,0.00705664095191541,0.0449209315139841,0.00686544448343704,0.00345617397954051,0.000839584864585887,0.0522673703797965,0.0129339503784682,0.00233672003290046,0.0708232794942551,0.0786348427940107,0.00298560053091684,0.0142821002868138,0.0312874013922574,0.000603708917696833,0.11637843029526,0.0225612898714349,0.021581161447119,0.000178387498409967,0.0650436139796381,0.0238622969007362,0.0819849440923409,0.000211303470732056,0.014396273531951,0.00208431554356708,0.0943049442864343,0.000361916264841125,0.109400126002112,0.0263863467274073,0.0161902593623828,0.00614586372979203,0.0515410137327707,0.00275436212633492,0.00625360967483566
CNR1,0.00183902084429308,0.010979115274687,0.00464315508947807,0.00441527921952968,0.00394581482394336,0.0038322326461965,0.0155719198252909,0.00269417559998091,1,0.0206870177498989,0.000652571118591735,0.000447680549563935,0.00323795985947783,0.00846915952726795,0.0132131296163929,0.0036898330338352,0.00215217997550304,0.0328726574249785,0.00107088895285323,0.00743185507153376,0.000227485742101493,0.000245481304766634,0.00014878035328376,0.00700702048457751,0.00860901804572528,0.00185074336726392,0.0334837347838956,0.0188133415411762,0.00557518195068802,0.00571230545626095,0.00345304407053548,0.00719935341350506,0.028638671925407,0.0308167526623319,0.00761982545530703,0.00359726517845183,0.0296391960329908,0.0258412718853915,0.00212645844127013,0.0135174138206163,0.0156475631354355,0.00384396440907083,0.000152730773963721,0.00964793988139247,0.00714888743067128,0.0167262227735745,0.00872769987334292,0.0340906988056849,0.00305674019962812,0.0114918675314698,0.0016120047710954,0.00965597320035834,0.0359324374189904,0.0401476278941288,0.000953042121452795,0.000255806490768748,0.028752023698563,0.013696238264415,0.0276912901535892,0.0051765249054354,0.00431773357505388,0.00202401672865824,0.0357662200424136,0.00325176871815357,0.0195353586834792,0.000496065454671973,0.00159911138970072,0.00241252816206381,0.00484696686078233,0.00344396083776367,0.0456570026215174
CORO1C,0.00305624726911487,0.0562312802947787,0.0310778414425164,0.0171118131210359,0.00403351639519975,0.00250661076985358,0.0148154473990272,0.0143096534858032,0.0206870177498989,1,0.00996771484640471,0.00891614237527802,0.00485040039361059,0.00186417920049693,0.070520474485333,0.00897581279979165,0.00393790562025291,0.0747581684159132,0.00778006883993815,0.00370023794152749,0.000240884579958184,0.00301740811592498,0.000645343478082867,0.038199325821326,0.0365878159239265,0.0038465072737428,0.01681974679571,0.010391490570223,0.0375329865591659,0.0494346090470213,0.0099527298593558,0.0371103176944823,0.0703514360037552,0.0773843613313039,0.0251222206861323,0.0289826356969796,0.0721231689853365,0.0618996715446814,0.00442895768153489,0.0390734862892292,0.0220482101685888,0.0199606757784991,0.00173730615054419,0.0277139189006185,0.0156263174897398,0.0508859821160445,0.0357262828302908,0.069800047923851,0.0376538502175918,0.0308984166469786,0.0108617516333384,0.00344114577468925,0.0907414731479098,0.0399484639418552,0.00577687222704706,0.000620276013017827,0.0518041931774876,0.0466009243842399,0.0568045627756639,0.000922704140781048,0.0387136615376886,0.0165501576825206,0.069649375725768,0.00259492603660302,0.0597706743260832,0.00353064059432143,0.0189297861608996,0.0194625268084285,0.0294028466394933,0.00592167908120543,0.0161655341591204
DBN1,0.00113131757908417,0.0203817194268638,0.0112827635272096,0.00764975359657237,0.000179658849934682,0.000293422764215367,0.00183153419743914,0.00825050953377549,0.000652571118591735,0.00996771484640471,1,0.00382741175659776,0.000673164747628818,0.000289678040363945,0.02003820178554,0.00494286382449466,0.00150315796735048,0.020115754939297,0.00795948514754324,0.00032600752951832,0.000118476116069315,9.49671483567181e-05,0.00323260074820763,0.0173686546751875,0.0324024214530786,0.000832354938045599,0.00121405100788874,0.00165458354730143,0.0122273670937891,0.00806375339241921,0.000526239173566907,0.00853546713872385,0.0158506967307309,0.0115139913339796,0.0139631236049268,0.00257438301953494,0.0191967658152189,0.017222397118169,0.00215839233872301,0.00857996963533528,0.00837086689233699,0.00272003112653895,0.000154662333252638,0.013255895389002,0.00560742638119583,0.00315394930318503,0.00736498180555048,0.0126525337383226,0.0244585407841137,0.0055293965531751,0.0182721805847917,0.000636586706919405,0.0233201103614395,0.00616195637454363,0.0085141540873388,8.64163725965973e-05,0.00986161861736346,0.00299959168588262,0.0130452131316389,7.64851882886165e-05,0.0121276847376158,0.00452678310974976,0.01552237599806,0.000399476299369907,0.0188275883111,0.00135166109731839,0.00808736706741321,0.0137502663689038,0.0591183615958206,0.00147750433469001,0.00134331229126758
DCAF7,0.00127977533329492,0.0140903672531296,0.0341519993431534,0.00219008941662942,0.000257122673878698,0.000409459419760154,0.00101423400628221,0.00484378327656314,0.000447680549563935,0.00891614237527802,0.00382741175659776,1,0.000398746246211223,0.000818480975051208,0.0231968945134213,0.00451399793430567,0.0010764042407493,0.0057895123598851,0.00694531437356579,0.00173505046387253,0.00227385857988903,9.55524382223622e-05,5.02570075493764e-05,0.014196764813618,0.0151622143701019,0.00104805228591978,0.000519300885182602,0.00357477997209744,0.0139023845483201,0.0133159297916613,0.000408734025875238,0.00220224052920064,0.00709345985911801,0.00631491897897536,0.012193034167025,0.0138325980138898,0.0055810140522952,0.00483337998226297,0.00229467065378418,0.0068271356584437,0.00345720163977054,0.00337518869480853,0.000397257975574262,0.00746314027707824,0.00442958413169904,0.00103722651542941,0.00597643005502803,0.0041651548385176,0.00139388851246807,0.00224347990236427,0.0205111613368734,0.000758981892130491,0.0114574821775258,0.0041882355878463,0.00926562087026836,9.64671905834353e-05,0.00428622392682524,0.00296007377384141,0.0124811238182997,0.000549145668484827,0.142165705438042,0.00403077600049503,0.00527222775223762,0.000394189861004625,0.00626987803239418,0.000979578765600253,0.0234640321606253,0.0180772802136004,0.015407508687845,0.00193561225666131,0.00455062944437698
DDX6,0.000251046705510479,0.0156678017206668,0.0093780763098717,0.0182654364053473,0.000492125189513117,0.000356779532467771,0.0271944428410287,0.00758457106387643,0.00323795985947783,0.00485040039361059,0.000673164747628818,0.000398746246211223,1,0.000698067514199669,0.0262141238551984,0.000403999632115881,0.000213584381690269,0.108753503874335,0.00392024046004461,0.00124416246755673,0.00231838821509905,1.50278833050271e-05,0.000387634536168272,0.0019608016738667,0.00797964092296418,0.000258937110648597,0.00261811819807783,0.000888676489769236,0.000646281518910634,0.00305290322356747,0.000346552074825243,0.000830558113671618,0.0744103558852147,0.0441669886605459,0.00442614514855795,0.00502202073803158,0.0983216005627691,0.0919871487002057,0.00057968597089648,0.0227305746111363,0.00120073243536157,0.000210551498049871,4.09138517481265e-05,0.00961618046411294,0.00193382963417144,0.000589516943564159,0.0185980372614362,0.0739357752437135,0.000231488089112881,0.0191934890623614,0.00216664000596486,0.000524198258057871,0.0964899681135868,0.00528099665292353,0.000361642314926507,5.98983660003116e-05,0.0632687740939123,0.012766617454918,0.0232835121775084,0.00052774973738786,0.00282468466517282,0.000207410114945418,0.108126462993298,0.000132030401499824,0.0627308755976162,0.00143200904456873,0.00175408139392396,0.000437592720070773,0.00507401730887879,0.00245371400479505,0.00996936333992233
DLX1,0.0508515636683772,0.00158673791842452,0.000763006294757435,0.000185844986965528,0.0388725485994645,0.160385540845808,0.00204573207489006,0.000295421580975223,0.00846915952726795,0.00186417920049693,0.000289678040363945,0.000818480975051208,0.000698067514199669,1,0.00290890422739226,0.00659220290765343,0.0822061646801328,0.00155615965384296,0.000763182387811117,0.286008502616491,0.0260977968700625,0.000715052061693685,0.00118582523602214,0.0104660123555505,0.00421704071419132,0.0248003295489469,0.00921934792793465,0.022212410156525,0.0196511394886344,0.00905168494336034,0.00787353828529033,0.0070257791409681,0.00131535093646073,0.00172958763761034,0.00469090687868644,0.000738926577192255,0.00129208018292472,0.000919389890136909,0.0189172647793593,0.0010010234765272,0.0513050889073186,0.0196499680978778,0.00379870050878937,0.00461856806298373,0.00637137019672662,0.00798300710272523,0.0025656104091754,0.0017214645432348,0.0026708689861933,0.00124381099005524,0.00228390748019623,0.287012255521344,0.00273681058023792,0.00598216539402819,0.000428539067993483,0.0089490541625741,0.00837504674117537,0.0184185229624591,0.00432279094081434,0.343763271035972,0.00341190431144234,0.0140577335608693,0.00189419217878923,0.105463427610459,0.00128628771581758,0.000565459758163379,0.000799869899051961,0.0048899194798972,0.00402885080874341,0.147012590605846,0.0204107737224703
EFNB1,0.0144477890782348,0.107180356836553,0.101842996056565,0.0606084194662632,0.00339524904737452,0.00428282718707364,0.0597745993626933,0.0740678419513302,0.0132131296163929,0.070520474485333,0.02003820178554,0.0231968945134213,0.0262141238551984,0.00290890422739226,1,0.0235424262167493,0.0101351456438251,0.200215068660802,0.0310521367848436,0.00574837144774405,0.00149209300679455,0.00145422802105916,0.00265887615597314,0.0675303900675486,0.100039993623373,0.0148664900896478,0.0288773609894848,0.024909869071932,0.033440226372601,0.0524439240518903,0.0110138286893839,0.0361633341469599,0.152143944067416,0.153982229788831,0.0844987164669648,0.0572647602916278,0.195541143584648,0.170334674811164,0.0259082115697165,0.0935160774158652,0.0275787027873215,0.0150826068088012,0.00253111784599669,0.0875539373298194,0.0558042789088766,0.0155661021351275,0.11506553305017,0.147402957014016,0.0135696243741229,0.0586713866061133,0.0627290102474441,0.00469211937348746,0.21706788924335,0.0601693190492924,0.0307673944294724,0.00103080475946971,0.128343783914265,0.0684632131006247,0.11072785614326,0.00217464266800886,0.062561763669087,0.0186215856375589,0.178896845164663,0.0044883668657116,0.17298060161646,0.0183903179759,0.0643304348944407,0.0230085845868408,0.0730285002583462,0.013296676666693,0.0337738705383
EIF4G2,0.0162898987461072,0.0337042703915394,0.017564373366218,0.000799805857850485,0.00165054039829422,0.00649583895846046,0.000730045921650272,0.0060609207139875,0.0036898330338352,0.00897581279979165,0.00494286382449466,0.00451399793430567,0.000403999632115881,0.00659220290765343,0.0235424262167493,1,0.0365535071885643,0.00727081450488021,0.00274533457485329,0.0083708553313561,0.000478065615949059,0.00178505662678348,0.000263476873199582,0.0596371770459123,0.0771852289702857,0.00832322978340902,0.0110438552425012,0.0308522266506725,0.0327333798179267,0.0163441766717336,0.00794092009159685,0.0194439615747441,0.00518846517308113,0.018117776749652,0.0549501017447315,0.002552227097517,0.00629101064760593,0.00578165446368184,0.0233934659881281,0.0148347746232614,0.0311753476317614,0.00677974695320507,0.00130327114203561,0.030283370001943,0.0214326486359682,0.0085987207321244,0.0147988715863842,0.00714441667905428,0.00473232594382865,0.000782063872507337,0.0167590968034577,0.00916421409704645,0.015095880834845,0.0413802458400675,0.0206491409793115,0.00338957406954264,0.00624874999645786,0.00875601944896355,0.0529752887026149,0.00399454702553748,0.0241613753271882,0.0101410096751894,0.00522780987714223,0.00520249802139827,0.0141707928344967,0.00121104828227392,0.0169729900570738,0.0135229318466144,0.0427467464787615,0.0071712274618619,0.0133946005509548
ELAVL4,0.0908704746101273,0.00945470027372981,0.00565328364102803,0.000262184895005077,0.020307600969717,0.062146380122577,0.00088254504205238,0.00122850984390977,0.00215217997550304,0.00393790562025291,0.00150315796735048,0.0010764042407493,0.000213584381690269,0.0822061646801328,0.0101351456438251,0.0365535071885643,1,0.00149019056082924,0.00155552444709617,0.0882733078716958,0.00700188031493779,0.00249365275217115,0.00405894059895441,0.0482759178585797,0.0299668279641963,0.0240330959809278,0.0100593304948854,0.0193181611977651,0.0412976728492535,0.0138359580462422,0.00903825451182049,0.0142384484039079,0.00109331054990322,0.00412131815567055,0.0236963470933966,0.000712768817009918,0.00126134502324774,0.000958237923118568,0.041702183336358,0.00322610562773465,0.0425456802156884,0.0176617810744982,0.0134433639428169,0.0169428663373652,0.0113685273206958,0.00943906783070328,0.0046076802581549,0.00144732480109544,0.00434813341658572,0.000737004530212179,0.00926247055204012,0.0636717625421505,0.00365456605492473,0.0146929946825635,0.00547639660321596,0.0110353953425983,0.00433410254411436,0.00991525194768694,0.0117840609447205,0.0655324568365854,0.00605802252048252,0.0204568188680483,0.00105049513985282,0.054105383873871,0.00386328782815839,0.000817409411830601,0.00524495579461803,0.0109144641123529,0.0165030289158023,0.0713363414760863,0.00682025212971311
EOMES,0.00224200135859561,0.146504631128109,0.0712757063795812,0.304865287035476,0.00520622401607333,0.00229239578315945,0.231292832653566,0.112247672789124,0.0328726574249785,0.0747581684159132,0.020115754939297,0.0057895123598851,0.108753503874335,0.00155615965384296,0.200215068660802,0.00727081450488021,0.00149019056082924,1,0.0786472801835288,0.00335705335355587,0.000808689397446366,0.000616043441487347,0.0132584073840252,0.0191958858708218,0.0806832486303603,0.00376065951425667,0.0411210537984104,0.00827784238260755,0.0100438108007515,0.0454418159994538,0.00675463206346051,0.0139179406338156,0.475141008310512,0.303877410097794,0.0435837380811787,0.0909903881563308,0.529715375687634,0.539604175625902,0.0112190771893911,0.199952441851857,0.0137231205355395,0.00300233150404818,0.00113745574266923,0.10376779264349,0.0213818376253211,0.00988772137982751,0.215125020365284,0.454146414677192,0.0063972391966261,0.280443893894487,0.0422065096764487,0.00170724594272334,0.450682189366214,0.0551321183756388,0.0113165935034335,0.0020150221025008,0.409176244066437,0.123360458535739,0.151394032048867,0.00111642551209558,0.0349717742863334,0.00359112312458563,0.518267096454833,0.000541753001326238,0.446714694908218,0.0291463903296853,0.0342727885596168,0.00793120171001057,0.0718493490058596,0.0132592352111988,0.0306392230179429
EPHA5,0.00352501540569816,0.0331581009582054,0.0225120225322608,0.0217882248251485,0.00141312873214449,0.00104263307434801,0.0085596050603201,0.0187912488216553,0.00107088895285323,0.00778006883993815,0.00795948514754324,0.00694531437356579,0.00392024046004461,0.000763182387811117,0.0310521367848436,0.00274533457485329,0.00155552444709617,0.0786472801835288,1,0.00121182521106738,0.00761528964472242,0.000835509417122946,0.000471245546295866,0.0129367472333732,0.0262627572925243,0.0032281980390535,0.00314096621643341,0.00309378226252379,0.00962585759728577,0.0278158718051151,0.00188650071397281,0.00509626023286357,0.0593690898333483,0.0366216851348318,0.0223381335872736,0.00846692220899295,0.0747932761206183,0.0727563794677263,0.00522432190851431,0.0224665297377177,0.00853161921980797,0.0016670881125,0.00783284765955536,0.0257402387736243,0.0131705795847079,0.00146283448588133,0.0268690075148033,0.0525021451140315,0.001609663180924,0.0129477047374208,0.017794822989494,0.00108353138029831,0.0720231521178253,0.0100400354533694,0.00865153843614761,0.00058364356346635,0.0363984812691033,0.00954187755205083,0.0299307063531329,0.000474068405321838,0.0124357766840097,0.00279172884763223,0.0663611506050427,0.0012268558264097,0.0586407738807201,0.00505745937743846,0.0221929933993721,0.00573882683388852,0.0244349602061245,0.002420792286833,0.00236660387765715
ERBB4,0.0567645368519581,0.0045672163594667,0.00274310658991831,0.000397893027530335,0.0453506397892197,0.162306557834204,0.0034707399392449,0.00123693408702483,0.00743185507153376,0.00370023794152749,0.00032600752951832,0.00173505046387253,0.00124416246755673,0.286008502616491,0.00574837144774405,0.0083708553313561,0.0882733078716958,0.00335705335355587,0.00121182521106738,1,0.0254259463091567,0.00128683248437578,0.00144691419854861,0.0132666331684438,0.00706145839890113,0.0369851887392594,0.0149786724191304,0.0332644975463774,0.0184894856281096,0.0131452378050134,0.0130721605192471,0.00711958036068634,0.00283282504094757,0.00582943379312346,0.00821822078560343,0.00226046378424068,0.00282237610625607,0.00216833358777757,0.0256913674980469,0.002910266414596,0.0382347637031344,0.0282978775643782,0.0063382098946638,0.00797717972872049,0.00910682939152509,0.00802425102042149,0.00597301766160271,0.00408439279823889,0.00219181851589577,0.0018341686025925,0.00337971014665028,0.216422494595863,0.00579982990336436,0.0108883613379555,0.00137566297619364,0.0141243483782596,0.0115902600389601,0.0285482246947451,0.010162724375847,0.311023077956491,0.00500392936329778,0.0140423115266736,0.00393398019487284,0.0905693284650334,0.00325145644558775,0.00122871238874657,0.00216505329203311,0.00422117024906003,0.00471243655409339,0.162262201359877,0.0236407855288539
FAM110B,0.015207893194037,0.000684147481346681,0.000913863124944788,0.000229094802982705,0.00170652067292776,0.00884569094625487,0.000208024606216017,0.000372249851048627,0.000227485742101493,0.000240884579958184,0.000118476116069315,0.00227385857988903,0.00231838821509905,0.0260977968700625,0.00149209300679455,0.000478065615949059,0.00700188031493779,0.000808689397446366,0.00761528964472242,0.0254259463091567,1,4.89796592025398e-05,6.91142720744439e-05,0.00152448687829784,0.00119177687867528,0.00281503472295802,0.00039290149259224,0.00129722772649659,0.0020615100753228,0.0013033954362329,0.000366400642235547,0.000384061804383907,0.000513006289478687,0.00060947698344533,0.00200901543001705,0.000201967689340349,0.00064086952155836,0.000681776128069551,0.00156078155785897,0.000370113877271655,0.00300120458169598,0.000818587314717246,0.00157974758199706,0.000954441083700395,0.00142756086618296,0.000286765277374231,0.00174415157751879,0.000481466376367044,0.000103578875737808,0.000159039598012215,0.00186138632495391,0.0136007020998306,0.00106963138274691,0.000707026923000124,0.000162761515504867,0.00164839499642593,0.00102233987729638,0.00149239805614744,0.00103778020085517,0.0295699539082327,0.00131589297279838,0.00177314847738595,0.000700505271302358,0.00878560004952015,0.000727297124234039,0.000389269452208247,0.000568896941343579,0.000718112815295249,0.00108652882953723,0.0134238861300903,0.00238846601919737
FUT1,0.00103144682870488,0.00385459856701823,0.00126207598664535,0.000133871973971913,0.00485768077672626,0.00418080742357698,0.000212523482051278,0.000257850263390252,0.000245481304766634,0.00301740811592498,9.49671483567181e-05,9.55524382223622e-05,1.50278833050271e-05,0.000715052061693685,0.00145422802105916,0.00178505662678348,0.00249365275217115,0.000616043441487347,0.000835509417122946,0.00128683248437578,4.89796592025398e-05,1,0.00279316719675733,0.00743251800914612,0.00263994672230694,0.00296473413765284,0.00545538267963609,0.00171470070890717,0.00500277788299571,0.0101515156395775,0.0571242217377763,0.00584650089965067,0.000561854568086207,0.00133313598610159,0.00207258104146774,0.000461820123894976,0.000556384267572388,0.000518237380511661,0.00130710484182326,0.000901418650887559,0.00398942772725913,0.00550952497065673,0.00426460123523619,0.00360056322926722,0.0027130256439969,0.00479249345256545,0.00110512916522613,0.000631403440914134,0.000711720097819589,0.000225151489791108,0.000847120750304795,0.00116337525589891,0.00102425678465503,0.0046615353585479,0.000714877298864134,0.0187481329283706,0.000530937236933124,0.0036115971320153,0.00222806498755563,0.000535630020170013,0.00111452206980955,0.00188455244866614,0.000486356381864747,0.00103111116969925,0.000778565437933886,0.000171871047213685,0.00135194148163247,0.000880864219857603,0.00209411295294264,0.00158635182051881,0.000346175321906286
GAN,0.00125048444852584,0.00283536063448925,0.000870270972058034,0.0052071416046263,0.00535282558508632,0.00207024598228712,0.00115216285035485,0.000864425788985937,0.00014878035328376,0.000645343478082867,0.00323260074820763,5.02570075493764e-05,0.000387634536168272,0.00118582523602214,0.00265887615597314,0.000263476873199582,0.00405894059895441,0.0132584073840252,0.000471245546295866,0.00144691419854861,6.91142720744439e-05,0.00279316719675733,1,0.000649420286269651,0.00121220159558868,0.000880214142921443,0.000906218607225826,0.00100252966668275,0.000638636267177229,0.000712350549781247,0.000702283737826531,0.000226232820830628,0.0099066869326484,0.00414502488902099,0.000656070260971119,0.00129092204628521,0.0131155444636408,0.0133216837763045,0.00179949985549064,0.00228300154755048,0.000878943743464239,0.000398836763945447,0.000531911690816169,0.00122536146179927,0.000374071793487411,0.000169548666522554,0.00201353318454494,0.00799930049680694,0.000127526639613841,0.00193200363439222,0.000401846957887663,0.001049705473741,0.0108169771853229,0.00059645291903416,0.000119137725789623,0.00391969285160372,0.00527442010598857,0.000933612931438885,0.00213494363716399,0.00101284475511629,0.000404981392715466,0.000236663814568546,0.0110079088376533,0.00652161507631267,0.00854572173845521,0.000120287776272344,0.000275100304315451,0.000116514723146632,0.00104935830462604,0.000895882347815705,0.000221869111263208
HPCAL1,0.0372418451421684,0.0730802261864694,0.0662337685346169,0.00435760196357342,0.00794409835807994,0.0162170541864495,0.00399330535348048,0.022107515638925,0.00700702048457751,0.038199325821326,0.0173686546751875,0.014196764813618,0.0019608016738667,0.0104660123555505,0.0675303900675486,0.0596371770459123,0.0482759178585797,0.0191958858708218,0.0129367472333732,0.0132666331684438,0.00152448687829784,0.00743251800914612,0.000649420286269651,1,0.128936648405691,0.0418699025363899,0.02411180751553,0.0489026482715291,0.10515002297628,0.0541350409921467,0.0235709058389479,0.100107704625651,0.0146592766798303,0.0367741798820712,0.104101810164586,0.0119594023584891,0.0177498561922511,0.0150215662570293,0.0559314210241126,0.0347340930757147,0.0690559252377647,0.0316285060643211,0.00679688766394481,0.0682298054429496,0.0926555030639809,0.0368711359455308,0.0291652808108039,0.0163185028163884,0.0328705089400139,0.00417512686780563,0.0764432519034697,0.0159951291369919,0.035897956401781,0.0579560443150395,0.0440365350921681,0.00628146248291973,0.0156793775280909,0.0228795117372492,0.071762565144645,0.00727928711415258,0.0485985819934864,0.0484940577938078,0.0143464588604273,0.0187284178035475,0.0339511251444626,0.00698341712357814,0.0554110995229558,0.0658543082206455,0.0795670203538214,0.0202083380152294,0.0235924141564165
HUNK,0.0301841091943731,0.121545028743589,0.0945321273267827,0.0202912309553014,0.00302012980175905,0.00760358770427598,0.0171671517864823,0.0531599702043452,0.00860901804572528,0.0365878159239265,0.0324024214530786,0.0151622143701019,0.00797964092296418,0.00421704071419132,0.100039993623373,0.0771852289702857,0.0299668279641963,0.0806832486303603,0.0262627572925243,0.00706145839890113,0.00119177687867528,0.00263994672230694,0.00121220159558868,0.128936648405691,1,0.028797686372732,0.0336664085747008,0.0441460256254668,0.0562400683222459,0.0531101139385582,0.0166495668125794,0.0513261868216351,0.0585359720892898,0.084641857899621,0.136162867734611,0.0240939791836705,0.0784952355032189,0.0689698613205414,0.0670521160087221,0.0810692774320306,0.049250710780624,0.0152998273539022,0.00366563200991141,0.131742699999167,0.0895361479207044,0.0188475546123748,0.0745052096365624,0.060413865209477,0.0170530250787374,0.0158602483343232,0.102673014467721,0.00842347878272274,0.0995400780384907,0.0782132236722056,0.0962101615876258,0.00202833828672142,0.0516221570551921,0.041047581712686,0.121917039587589,0.00273659530831772,0.0532746195205255,0.0224589797949099,0.0649230698712238,0.00788728551369752,0.0969127842337052,0.012785872068064,0.0887720262755197,0.0369024329551555,0.113173431552709,0.0141213986053084,0.0307309939608008
IGFBP5,0.050161580330096,0.0156162839762844,0.0170055774396752,0.00044658482202722,0.00727013242029321,0.0303835392686082,0.000690483766420475,0.00320454914771582,0.00185074336726392,0.0038465072737428,0.000832354938045599,0.00104805228591978,0.000258937110648597,0.0248003295489469,0.0148664900896478,0.00832322978340902,0.0240330959809278,0.00376065951425667,0.0032281980390535,0.0369851887392594,0.00281503472295802,0.00296473413765284,0.000880214142921443,0.0418699025363899,0.028797686372732,1,0.008471738377081,0.0510308120930246,0.0158003613107838,0.0172646340250937,0.0199658711670323,0.011336532932055,0.00270695866527276,0.0111531079281312,0.049496782646456,0.00149375763836846,0.00319450372707397,0.00313433626685231,0.0520946434379786,0.00987036095909236,0.0180680006890674,0.00500709993007081,0.0118136942744146,0.0356322606137053,0.0344331775745234,0.00271531571786647,0.00884307063610902,0.00422535886010444,0.00151564604606863,0.00039327646343251,0.012350567682646,0.0234576247388942,0.00843933316020707,0.0206972312210955,0.00483179905595167,0.0247050229490992,0.00454723191688414,0.00862009608982657,0.0299618013854152,0.0242902527692316,0.00599167007572037,0.00919314206045613,0.0030870530180446,0.0160172740389728,0.00727498253866687,0.00174206320072576,0.00947168574334432,0.00465308185359394,0.0100453895374743,0.0109507044818122,0.00659110107236266
ILDR2,0.00566875882974121,0.0425007732389238,0.0138028875220026,0.00431258238339655,0.0267183169534114,0.0203255637870224,0.0143189556593662,0.00781564356391582,0.0334837347838956,0.01681974679571,0.00121405100788874,0.000519300885182602,0.00261811819807783,0.00921934792793465,0.0288773609894848,0.0110438552425012,0.0100593304948854,0.0411210537984104,0.00314096621643341,0.0149786724191304,0.00039290149259224,0.00545538267963609,0.000906218607225826,0.02411180751553,0.0336664085747008,0.008471738377081,1,0.0284481031885748,0.0144129629235382,0.024655525255046,0.0473601155622086,0.0219903779644698,0.0340378435120109,0.0734007484068074,0.0217328875689617,0.00672733554609791,0.0385413269631375,0.0322233418437755,0.0128934840261731,0.0272023012649751,0.0349156639494807,0.00959459427767994,0.00193147429029248,0.0454673165571794,0.0127223560007807,0.0244434250447971,0.0271554233767791,0.0470586373781977,0.00316988052269466,0.00750089249925752,0.00762620392371997,0.0108990782092141,0.0519193808517703,0.0901101231044675,0.00587920618607724,0.00572970434824245,0.0458195777932296,0.0608532759292614,0.0609182820314179,0.00731034212627005,0.00588719230603935,0.00399818293503183,0.04187754730133,0.00583956563742673,0.0374337601733129,0.00297871442983619,0.00559564168483949,0.00324176261903439,0.0169814007820771,0.0152760544061924,0.0133467397649281
KLF12,0.020305375984866,0.0277012043111985,0.0265075792364321,0.000761740914236684,0.00425446019804554,0.0146952018561034,0.00192369649501641,0.00670895348423782,0.0188133415411762,0.010391490570223,0.00165458354730143,0.00357477997209744,0.000888676489769236,0.022212410156525,0.024909869071932,0.0308522266506725,0.0193181611977651,0.00827784238260755,0.00309378226252379,0.0332644975463774,0.00129722772649659,0.00171470070890717,0.00100252966668275,0.0489026482715291,0.0441460256254668,0.0510308120930246,0.0284481031885748,1,0.0226647496406723,0.0183534561260631,0.0145036612103568,0.0202778774009223,0.006210535763632,0.0321931018026065,0.0592691967765789,0.00361952786863658,0.00702777110249136,0.00667610932942693,0.0305749704145797,0.0187006719568746,0.0337778801769504,0.0224707094555655,0.00188467703104615,0.0463580382171064,0.0374953670546363,0.00934178349479675,0.0151123308653053,0.0113024663624274,0.00394135855246669,0.000837763436761938,0.0167981795657787,0.0230253982280725,0.0187112596647434,0.082973462281882,0.0134973087420125,0.00555126812896435,0.0106591862842204,0.0201676428014858,0.0692036591248062,0.0195829820836468,0.0114127517987178,0.00709129569540473,0.00805541747629842,0.0212114178225994,0.0131016345484364,0.00129549180374745,0.0101222482602055,0.00915639816775212,0.0182724144881955,0.0104848167573967,0.0294844588208493
